00000000000000000000000000000000000000000000
00000000000000000000000000000000000000000000
00000000000000000000101000000000000000000000
00000000000000000000110100000000000000000000
00000000000000000001001000000001100000000000
00000000101010000000000000000001000000000000
00000000010101000000000000000001000000000000
00000000101010000000000000000010000000000000
00000000000000000000000000000000000000000000
00000000000000000000000000000000000000000000
00000000000000000000000000000000000000000000
00000000000000000000000000000000000000000000
00000000000001010000000000000000000000000000
00000000001010110000000000000000000000000000
00000000000100010000000000000000000000000000
00000000000000010000000000000000000000000000
00000000000000000000000000000001000000000000
00000000000000000000000000000011100000000000
00000000000000000000000000000101000000000000
00000000100000000000000000000000000000000000
00000001110000000000000000000000000000000000
00000010100000000000000000000000000000000000
00000000000000000000000000000000000000000000
00000000000000000000000000000000000000000000